Statistics Results
Input file: TC5.txt
Count: 307
Invalid: 4

Mean: 241.495114
Median: 241.000000
Mode: [393.0, 19.0, 368.0, 290.0, 56.0, 11.0, 76.0, 215.0, 64.0, 375.0, 466.0, 277.0, 211.0, 46.0, 278.0, 170.0, 166.0, 96.0, 268.0]
Variance: 21160.021963
Std Dev: 145.464848

Elapsed time: 0.000505 seconds
